7401002
7411001
7601014
7611022
7601014
7611023
84300
84101
76895
76915
76894
76913
94375
94323
94324
8202001
9601042
13808T
9813003
9813004
96386
96715
14702
14702p
7601981
98672
96729
96730
76886
76887
8113000
96888
96889
96890
8213006
8213007
8213008
96731
98693
96731
98693
9814001
9602000
9802002
9814004
9814005
7613007
9602000
9802002
9814004
9814005
7602005
7613007
9602000
9813006
9803003
9814002
96732
9802002
96731
9813005
9814004
9802004
9813006
9802002
9814002
96732
9814005
9803002
7602006
7613008
7602004
96732
96633P
7613007
9802004
9602000
9814004
9814005
76717
96623P
98691
76718
98691
9603906
8215001
8215000
96803
10702P
10702
96803
98664
98690
9612043
7641099
7641100
87099
7611014
7611101
87069
87022
7611100
79009
7611105
97427
87021
7661100
7661101
91402
91403
87096
87070
7641001
76562
76967
76561
76967
7603002
7603003
7603004
98666
98668
8201000
8201001
8101002
8101003
8101004
8111001
94386
98779
9802003
94516
98671
2361
87043
9801707
9801708
9801709
8713559
9803698
98696
9801000
9801001
9801002
87007
8713558
98697
93510
98665
87109
98663
98699
9801706
96300
87098
77129
9812706
9801706
8202002
8201006
96809
9813000
8704100
3981000
3981001
3981002
8714100
96776
96775
3581001
3581002
3591004
3583003
3581005
3581006
3583000



